[gd_scene load_steps=5 format=2]

[ext_resource path="res://models/submarine/submarine.tscn" type="PackedScene" id=1]
[ext_resource path="res://scripts/player.gd" type="Script" id=2]
[ext_resource path="res://underwater_env.tres" type="Environment" id=3]
[ext_resource path="res://scenes/smallBubbles.tscn" type="PackedScene" id=4]

[sub_resource type="SphereShape" id=1]
radius = 4.0

[node name="Player" type="RigidBody"]
gravity_scale = 0.0
continuous_cd = true
contacts_reported = 2
contact_monitor = true
axis_lock_angular_x = true
axis_lock_angular_y = true
axis_lock_angular_z = true
linear_damp = 1.0
angular_damp = 1.0
script = ExtResource( 2 )

[node name="CollisionShape" type="CollisionShape" parent="."]
transform = Transform( -1, 0, -8.74228e-08, 0, 1, 0, 8.74228e-08, 0, -1, 0, 0, 0 )
shape = SubResource( 1 )

[node name="RayCast" type="RayCast" parent="."]
transform = Transform( -1, 0, -8.74228e-08, 0, 1, 0, 8.74228e-08, 0, -1, 0, 0, 0 )
cast_to = Vector3( 0, 5, -10 )

[node name="CameraRoot" type="Spatial" parent="."]
transform = Transform( -1, 5.01436e-08, 7.16125e-08, 0, 0.819152, -0.573576, -8.74228e-08, -0.573576, -0.819152, 0, 0, 0 )

[node name="Camera" type="Camera" parent="CameraRoot"]
transform = Transform( -1, -4.26326e-14, 8.74228e-08, -3.55271e-14, 1, 0, -8.74228e-08, 0, -1, 6.82121e-13, 0, -10 )
environment = ExtResource( 3 )
far = 1024.0

[node name="model" parent="." instance=ExtResource( 1 )]

[node name="Bubbles2" parent="model" instance=ExtResource( 4 )]
transform = Transform( 1, 0, 0, 0, 1, 0, 0, 0, 1, 0, 1.97897, 0.24373 )

[node name="SpotLight" type="SpotLight" parent="model"]
transform = Transform( 0.939693, 2.99004e-08, -0.34202, 0, -1, -8.74228e-08, -0.34202, 8.21505e-08, -0.939693, 1.26895, -0.48891, 4.61674 )
light_energy = 2.0
spot_range = 300.0
spot_angle = 31.7

[node name="SpotLight2" type="SpotLight" parent="model"]
transform = Transform( 0.939693, -2.99004e-08, 0.34202, 0, -1, -8.74228e-08, 0.34202, 8.21505e-08, -0.939693, -1.269, -0.489, 4.617 )
light_energy = 2.0
spot_range = 300.0
spot_angle = 31.7

[connection signal="body_entered" from="." to="." method="_on_Player_body_entered"]

[editable path="model"]
